#Energy(eV)	Abs_s	Abs_p	Ref_s	Ref_p
3.38916	0.0227742	0.00380516	0.0336483	0.00871092	
3.39416	0.0231581	0.0038163	0.0340381	0.00873604	
3.39916	0.0235557	0.00382749	0.0344376	0.00876122	
3.40416	0.0239677	0.00383873	0.0348471	0.00878653	
3.40916	0.0243951	0.00384999	0.0352673	0.00881185	
3.41416	0.0248387	0.00386127	0.0356982	0.00883721	
3.41916	0.0252994	0.00387255	0.0361402	0.00886256	
3.42416	0.0257785	0.00388385	0.0365941	0.00888792	
3.42916	0.0262771	0.00389518	0.0370604	0.00891335	
3.43416	0.0267965	0.00390658	0.0375396	0.00893888	
3.43916	0.0273381	0.00391797	0.0380323	0.0089644	
3.44416	0.0279036	0.00392945	0.0385392	0.00899008	
3.44916	0.0284946	0.00394089	0.0390606	0.00901563	
3.45416	0.0291129	0.0039524	0.0395975	0.00904132	
3.45916	0.0297606	0.00396396	0.0401504	0.0090671	
3.46416	0.0304399	0.0039755	0.0407201	0.00909279	
3.46916	0.0311534	0.00398711	0.0413076	0.00911862	
3.47416	0.031904	0.00399874	0.0419136	0.00914444	
3.47916	0.0326944	0.00401043	0.0425388	0.00917033	
3.48416	0.0335284	0.00402214	0.0431844	0.00919624	
3.48916	0.0344096	0.00403394	0.0438512	0.0092223	
3.49416	0.0353423	0.00404576	0.0445401	0.00924831	
3.49916	0.0363311	0.00405764	0.0452521	0.00927442	
3.50416	0.0373814	0.00406948	0.0459881	0.00930045	
3.50916	0.0384993	0.00408149	0.0467495	0.00932669	
3.51416	0.0396912	0.00409355	0.0475366	0.00935287	
3.51916	0.0409647	0.00410569	0.0483507	0.00937924	
3.52416	0.0423284	0.00411788	0.0491927	0.00940561	
3.52916	0.0437916	0.00413005	0.0500625	0.00943184	
3.53416	0.0453652	0.00414249	0.0509614	0.00945842	
3.53916	0.0470608	0.00415487	0.0518885	0.00948484	
3.54416	0.0488924	0.00416737	0.0528438	0.0095114	
3.54916	0.0508747	0.00418002	0.0538258	0.00953793	
3.55416	0.0530248	0.00419283	0.0548327	0.0095647	
3.55916	0.0553609	0.00420563	0.0558609	0.0095914	
3.56416	0.0579026	0.00421862	0.0569047	0.009618	
3.56916	0.0606718	0.00423182	0.0579575	0.00964477	
3.57416	0.0636904	0.00424508	0.0590088	0.00967163	
3.57916	0.0669795	0.00425862	0.0600443	0.00969841	
3.58416	0.0705589	0.00427235	0.0610455	0.00972532	
3.58916	0.0744426	0.00428607	0.0619871	0.00975203	
3.59416	0.078636	0.00430015	0.062838	0.0097789	
3.59916	0.0831289	0.00431441	0.0635578	0.00980567	
3.60416	0.087888	0.00432869	0.0640981	0.00983221	
3.60916	0.0928468	0.00434312	0.0644027	0.00985866	
3.61417	0.0978958	0.00435769	0.0644105	0.00988511	
3.61917	0.102871	0.00437203	0.0640592	0.00991122	
3.62417	0.107551	0.00438629	0.0632963	0.00993697	
3.62917	0.111669	0.00440023	0.0620912	0.00996251	
3.63417	0.114934	0.00441359	0.0604471	0.00998773	
3.63917	0.117076	0.00442647	0.0584143	0.0100128	
3.64417	0.117904	0.00443853	0.0560934	0.0100376	
3.64917	0.117357	0.00444978	0.0536279	0.0100623	
3.65417	0.115526	0.00446047	0.0511852	0.0100872	
3.65917	0.112636	0.00447052	0.04893	0.0101121	
3.66417	0.109007	0.00448018	0.0469994	0.0101374	
3.66917	0.104983	0.00448953	0.045488	0.0101628	
3.67417	0.100882	0.00449894	0.0444424	0.0101889	
3.67917	0.0969603	0.00450838	0.0438685	0.0102151	
3.68417	0.0934021	0.00451804	0.0437407	0.0102417	
3.68917	0.0903234	0.004528	0.0440171	0.0102687	
3.69417	0.0877856	0.00453824	0.0446469	0.010296	
3.69917	0.0858109	0.00454889	0.0455794	0.0103236	
3.70417	0.0843968	0.00455977	0.046768	0.0103512	
3.70917	0.0835267	0.00457111	0.048173	0.0103791	
3.71417	0.0831776	0.00458267	0.0497608	0.0104072	
3.71917	0.0833262	0.0045946	0.0515046	0.0104353	
3.72417	0.0839511	0.00460687	0.0533834	0.0104638	
3.72917	0.0850358	0.00461939	0.0553811	0.0104922	
3.73417	0.0865691	0.00463223	0.0574852	0.0105208	
3.73917	0.0885457	0.00464525	0.059686	0.0105494	
3.74417	0.0909666	0.00465853	0.0619756	0.0105782	
3.74917	0.0938391	0.00467211	0.0643477	0.010607	
3.75417	0.0971758	0.00468599	0.0667951	0.0106359	
3.75917	0.100995	0.00470022	0.0693107	0.010665	
3.76417	0.105321	0.00471453	0.0718846	0.010694	
3.76917	0.110179	0.00472929	0.0745042	0.0107232	
3.77417	0.1156	0.00474433	0.0771527	0.0107523	
3.77917	0.121614	0.00475969	0.079807	0.0107817	
3.78417	0.128247	0.00477533	0.0824359	0.010811	
3.78917	0.135518	0.00479112	0.0849984	0.01084	
3.79417	0.143431	0.00480747	0.087441	0.0108694	
3.79917	0.151962	0.00482398	0.0896969	0.0108985	
3.80417	0.161051	0.00484059	0.0916823	0.0109273	
3.80917	0.170582	0.00485721	0.0932981	0.0109559	
3.81417	0.180366	0.00487416	0.0944313	0.0109843	
3.81917	0.190126	0.00489102	0.0949605	0.0110124	
3.82417	0.199481	0.00490717	0.0947668	0.0110397	
3.82917	0.20796	0.00492361	0.0937487	0.0110666	
3.83417	0.215034	0.00493907	0.091843	0.011093	
3.83917	0.220174	0.00495273	0.0890443	0.0111186	
3.84417	0.222947	0.00496669	0.0854234	0.0111438	
3.84917	0.223115	0.00497845	0.0811322	0.0111685	
3.85417	0.220696	0.00498988	0.0763962	0.0111929	
3.85917	0.215982	0.00500003	0.071488	0.0112171	
3.86417	0.209482	0.00500908	0.0666934	0.0112415	
3.86917	0.201832	0.00501802	0.0622752	0.0112663	
3.87417	0.193679	0.0050266	0.0584451	0.0112914	
3.87917	0.185604	0.005035	0.0553502	0.0113171	
3.88417	0.17807	0.00504396	0.0530707	0.0113435	
3.88917	0.171412	0.00505307	0.0516302	0.0113705	
3.89417	0.165846	0.00506249	0.05101	0.0113981	
3.89917	0.161497	0.00507265	0.0511634	0.0114261	
3.90417	0.158422	0.00508344	0.0520287	0.0114549	
3.90917	0.156637	0.00509507	0.0535392	0.0114841	
3.91417	0.156132	0.00510721	0.0556283	0.0115138	
3.91917	0.156889	0.00511985	0.0582345	0.0115439	
3.92417	0.158888	0.00513328	0.0613017	0.0115743	
3.92917	0.162115	0.00514725	0.0647793	0.011605	
3.93417	0.166561	0.00516184	0.0686212	0.011636	
3.93917	0.172229	0.00517711	0.0727842	0.0116674	
3.94417	0.179125	0.00519294	0.0772239	0.0116989	
3.94917	0.18726	0.0052093	0.0818942	0.0117306	
3.95417	0.196644	0.00522601	0.086742	0.0117624	
3.95917	0.207276	0.00524392	0.0917058	0.0117946	
3.96417	0.219136	0.00526086	0.0967098	0.0118265	
3.96917	0.232165	0.00527918	0.101663	0.0118585	
3.97417	0.246252	0.005298	0.106454	0.0118905	
3.97917	0.261208	0.00531613	0.110951	0.0119224	
3.98417	0.276738	0.00533504	0.115004	0.0119538	
3.98917	0.29242	0.00535368	0.118441	0.0119849	
3.99417	0.307688	0.00537194	0.121087	0.0120155	
3.99917	0.321838	0.00538927	0.122764	0.0120453	
4.00417	0.334059	0.00540571	0.123316	0.0120744	
4.00917	0.343517	0.00542196	0.122625	0.0121026	
4.01417	0.34947	0.00543641	0.120632	0.0121299	
4.01917	0.351405	0.00545008	0.117351	0.0121564	
4.02417	0.349151	0.0054613	0.112877	0.012182	
4.02917	0.342932	0.00547204	0.107386	0.0122069	
4.03417	0.33333	0.00548156	0.101117	0.0122312	
4.03917	0.321185	0.00549121	0.0943551	0.0122553	
4.04417	0.307446	0.00549812	0.0873984	0.0122793	
4.04917	0.293047	0.00550544	0.0805348	0.0123033	
4.05417	0.278809	0.00551337	0.074022	0.0123276	
4.05918	0.265398	0.00552083	0.0680744	0.0123525	
4.06418	0.253312	0.00552926	0.0628547	0.0123777	
4.06918	0.242903	0.00553725	0.0584793	0.0124038	
4.07418	0.234399	0.0055466	0.0550214	0.0124303	
4.07918	0.227941	0.00555651	0.0525192	0.0124576	
4.08418	0.2236	0.00556735	0.0509813	0.0124858	
4.08918	0.221405	0.00557978	0.0503946	0.0125145	
4.09418	0.221348	0.00559203	0.0507265	0.012544	
4.09918	0.223386	0.00560628	0.0519262	0.0125741	
4.10418	0.227445	0.00562105	0.0539255	0.0126049	
4.10918	0.233393	0.00563634	0.0566338	0.0126361	
4.11418	0.241032	0.00565212	0.0599361	0.012668	
4.11918	0.250064	0.00566888	0.0636868	0.0127	
4.12418	0.260071	0.00568576	0.0677106	0.0127322	
4.12918	0.270489	0.00570278	0.0718002	0.0127647	
4.13418	0.280611	0.00572007	0.0757245	0.0127969	
4.13918	0.289619	0.00573616	0.079242	0.012829	
4.14418	0.29665	0.0057519	0.0821173	0.0128605	
4.14918	0.300917	0.00576635	0.0841483	0.0128916	
4.15418	0.301833	0.00578011	0.0851853	0.0129219	
4.15918	0.299125	0.00579137	0.0851508	0.0129515	
4.16418	0.292879	0.00580274	0.084045	0.0129803	
4.16918	0.283509	0.00581216	0.0819421	0.0130084	
4.17418	0.271666	0.00582028	0.0789762	0.0130361	
4.17918	0.258104	0.00582837	0.075319	0.0130633	
4.18418	0.243567	0.00583592	0.0711574	0.0130899	
4.18918	0.228711	0.00584265	0.0666759	0.0131165	
4.19418	0.214057	0.00584881	0.0620399	0.0131431	
4.19918	0.199991	0.00585604	0.0573897	0.0131697	
4.20418	0.186773	0.00586282	0.0528371	0.0131961	
4.20918	0.174565	0.00587028	0.0484666	0.0132229	
4.21418	0.163449	0.00587778	0.0443384	0.0132498	
4.21918	0.153459	0.00588615	0.0404931	0.0132772	
4.22418	0.144589	0.00589462	0.0369554	0.0133045	
4.22918	0.136818	0.0059039	0.03374	0.0133322	
4.23418	0.130111	0.00591351	0.030853	0.0133602	
4.23918	0.124428	0.0059236	0.0282962	0.0133884	
4.24418	0.119731	0.00593436	0.0260684	0.0134171	
4.24918	0.115977	0.00594556	0.0241665	0.0134458	
4.25418	0.11312	0.00595716	0.0225865	0.0134748	
4.25918	0.111105	0.00596928	0.0213221	0.0135041	
4.26418	0.109859	0.00598192	0.0203637	0.0135336	
4.26918	0.109279	0.005995	0.0196954	0.0135635	
4.27418	0.109222	0.00600832	0.0192921	0.0135935	
4.27918	0.109497	0.00602175	0.0191156	0.0136237	
4.28418	0.109859	0.00603532	0.0191121	0.013654	
4.28918	0.11003	0.00604881	0.0192126	0.0136845	
4.29418	0.109722	0.00606199	0.0193377	0.0137148	
4.29918	0.108686	0.00607484	0.0194056	0.0137454	
4.30418	0.106763	0.00608716	0.0193456	0.0137758	
4.30918	0.103908	0.00609895	0.0191079	0.0138061	
4.31418	0.100201	0.00611026	0.018671	0.0138364	
4.31918	0.0958155	0.00612107	0.0180411	0.0138663	
4.32418	0.0909735	0.00613173	0.0172456	0.0138964	
4.32918	0.0859011	0.00614226	0.0163247	0.0139263	
4.33418	0.0807973	0.00615265	0.015322	0.0139562	
4.33918	0.0758156	0.00616313	0.0142781	0.0139862	
4.34418	0.0710628	0.00617372	0.0132271	0.0140161	
4.34918	0.0666045	0.00618452	0.0121952	0.0140461	
4.35418	0.0624731	0.00619552	0.011201	0.0140762	
4.35918	0.0586785	0.00620661	0.0102568	0.0141062	
4.36418	0.0552152	0.00621794	0.0093696	0.0141363	
4.36918	0.0520687	0.00622957	0.00854293	0.0141666	
4.37418	0.0492196	0.00624122	0.00777753	0.0141968	
4.37918	0.0466469	0.00625319	0.0070724	0.0142272	
4.38418	0.0443297	0.00626521	0.00642553	0.0142577	
4.38918	0.0422483	0.00627757	0.00583424	0.0142883	
4.39418	0.0403847	0.00628994	0.00529561	0.0143187	
4.39918	0.0387234	0.00630251	0.00480659	0.0143495	
4.40418	0.0372506	0.0063152	0.00436439	0.0143801	
4.40918	0.0359545	0.00632804	0.00396623	0.014411	
4.41418	0.0348248	0.00634094	0.00360965	0.0144418	
4.41918	0.0338517	0.00635407	0.00329233	0.0144727	
4.42418	0.0330258	0.00636714	0.0030121	0.0145035	
4.42918	0.0323355	0.0063805	0.00276684	0.0145347	
4.43418	0.0317668	0.0063938	0.00255437	0.0145657	
4.43918	0.0313002	0.00640723	0.00237202	0.0145967	
4.44418	0.0309095	0.00642084	0.00221647	0.0146279	
4.44918	0.030561	0.0064343	0.00208378	0.014659	
4.45418	0.0302132	0.00644794	0.00196884	0.0146903	
4.45918	0.0298217	0.0064615	0.00186587	0.0147216	
4.46418	0.0293441	0.00647496	0.0017689	0.0147528	
4.46918	0.0287494	0.00648834	0.00167253	0.0147841	
4.47418	0.0280232	0.00650175	0.00157271	0.0148155	
4.47918	0.0271717	0.00651498	0.00146766	0.0148468	
4.48418	0.0262182	0.00652827	0.00135747	0.0148783	
4.48918	0.0251966	0.0065414	0.00124402	0.0149097	
4.49418	0.0241434	0.00655465	0.00112994	0.0149412	
4.49919	0.0230916	0.00656786	0.0010182	0.0149727	
4.50419	0.0220671	0.00658103	0.000911297	0.0150042	
4.50919	0.0210876	0.00659428	0.000811152	0.0150357	
4.51419	0.0201637	0.00660758	0.000719113	0.0150673	
4.51919	0.0193002	0.00662097	0.000635871	0.015099	
4.52419	0.0184979	0.00663436	0.000561716	0.0151305	
4.52919	0.0177551	0.00664786	0.000496598	0.0151623	
4.53419	0.0170684	0.0066614	0.000440231	0.015194	
4.53919	0.0164336	0.0066749	0.000392227	0.0152256	
4.54419	0.0158466	0.0066886	0.000352093	0.0152576	
4.54919	0.015303	0.00670223	0.000319344	0.0152893	
4.55419	0.0147986	0.0067159	0.000293458	0.0153211	
4.55919	0.0143299	0.00672967	0.000273946	0.0153531	
4.56419	0.0138934	0.00674346	0.000260343	0.015385	
4.56919	0.0134859	0.00675724	0.000252209	0.0154169	
4.57419	0.0131049	0.00677101	0.000249126	0.0154487	
4.57919	0.0127477	0.00678488	0.000250738	0.0154808	
4.58419	0.0124124	0.00679881	0.000256686	0.0155129	
4.58919	0.012097	0.00681271	0.000266658	0.0155449	
4.59419	0.0117997	0.00682661	0.000280337	0.0155769	
4.59919	0.0115191	0.00684063	0.000297501	0.0156092	
4.60419	0.0112539	0.00685457	0.000317869	0.0156412	
4.60919	0.0110028	0.00686864	0.000341239	0.0156735	
4.61419	0.0107648	0.00688269	0.000367405	0.0157058	
4.61919	0.0105389	0.00689674	0.000396138	0.015738	
4.62419	0.0103242	0.00691079	0.000427305	0.0157702	
4.62919	0.01012	0.00692495	0.00046073	0.0158026	
4.63419	0.00992553	0.00693903	0.000496243	0.0158349	
4.63919	0.00974019	0.00695309	0.000533715	0.0158671	
4.64419	0.00956341	0.00696727	0.000573063	0.0158995	
4.64919	0.00939462	0.00698149	0.000614132	0.015932	
4.65419	0.00923334	0.00699565	0.000656761	0.0159644	
4.65919	0.00907916	0.00700985	0.000700942	0.0159969	
4.66419	0.00893166	0.0070241	0.000746544	0.0160294	
