En(eV)	Re[e11]	Im[e11]	Re[e12]	Im[e12]	Re[e13]	Im[e13]	Re[e22]	Im[e22]	Re[e23]	Im[e23]	Re[e33]	Im[e33]
3.36862 2.1026 0.000181739 1.87375e-07 2.95496e-08 0 0 6.16203 0.855627 -0.321628 -0.0677475 2.12547 0.00536416
3.37862 2.10263 0.000188582 1.93146e-07 3.15466e-08 0 0 6.32098 0.936612 -0.334213 -0.0741597 2.12646 0.00587187
3.38862 2.10267 0.000195902 1.9929e-07 3.37505e-08 0 0 6.493 1.02976 -0.347834 -0.0815352 2.12754 0.00645585
3.39862 2.10271 0.000203752 2.05841e-07 3.61904e-08 0 0 6.67956 1.13761 -0.362605 -0.0900741 2.12871 0.00713195
3.40862 2.10275 0.000212194 2.12839e-07 3.89009e-08 0 0 6.88227 1.26335 -0.378656 -0.10003 2.12998 0.00792025
3.41862 2.10279 0.000221301 2.2033e-07 4.19228e-08 0 0 7.10288 1.41108 -0.396123 -0.111727 2.13136 0.0088464
3.42862 2.10284 0.000231157 2.28364e-07 4.53052e-08 0 0 7.34318 1.58606 -0.415149 -0.125582 2.13287 0.00994343
3.43862 2.10288 0.000241865 2.36999e-07 4.91067e-08 0 0 7.6049 1.79516 -0.435872 -0.142138 2.13451 0.0112543
3.44862 2.10293 0.000253544 2.46299e-07 5.33982e-08 0 0 7.88943 2.04735 -0.458401 -0.162106 2.1363 0.0128354
3.45862 2.10298 0.000266338 2.56339e-07 5.82659e-08 0 0 8.19735 2.3545 -0.482782 -0.186426 2.13823 0.0147609
3.46862 2.10303 0.000280421 2.672e-07 6.38155e-08 0 0 8.52746 2.7323 -0.508919 -0.21634 2.1403 0.0171295
3.47862 2.10309 0.000296004 2.78977e-07 7.01773e-08 0 0 8.8752 3.20155 -0.536453 -0.253494 2.14248 0.0200713
3.48862 2.10314 0.000313349 2.91776e-07 7.75132e-08 0 0 9.22963 3.78941 -0.564517 -0.30004 2.1447 0.0237567
3.49862 2.1032 0.000332778 3.05715e-07 8.60264e-08 0 0 9.56829 4.53026 -0.591331 -0.358699 2.14682 0.0284013
3.50862 2.10327 0.000354694 3.20926e-07 9.59738e-08 0 0 9.84851 5.46451 -0.613519 -0.432672 2.14858 0.0342583
3.51862 2.10334 0.000379608 3.3755e-07 1.07683e-07 0 0 9.9943 6.63139 -0.625062 -0.525063 2.14949 0.0415737
3.52862 2.10341 0.000408169 3.55738e-07 1.21575e-07 0 0 9.88088 8.04786 -0.616082 -0.637217 2.14878 0.0504539
3.53862 2.10348 0.000441216 3.75634e-07 1.38198e-07 0 0 9.32976 9.66275 -0.572446 -0.765081 2.14533 0.0605779
3.54862 2.10356 0.000479837 3.97365e-07 1.58268e-07 0 0 8.14956 11.287 -0.478999 -0.893686 2.13793 0.0707606
3.55862 2.10365 0.000525459 4.21001e-07 1.82731e-07 0 0 6.26659 12.5554 -0.329909 -0.99412 2.12612 0.0787129
3.56862 2.10373 0.000579964 4.46486e-07 2.12839e-07 0 0 3.90028 13.0459 -0.142549 -1.03295 2.11129 0.0817875
3.57862 2.10383 0.000645836 4.73525e-07 2.50254e-07 0 0 1.55981 12.5713 0.0427661 -0.995376 2.09661 0.0788123
3.58862 2.10392 0.000726325 5.01364e-07 2.9716e-07 0 0 -0.258526 11.3466 0.186738 -0.898405 2.08521 0.0711343
3.59862 2.10402 0.000825605 5.28409e-07 3.56366e-07 0 0 -1.35923 9.80075 0.27389 -0.776008 2.07831 0.0614432
3.60862 2.10412 0.000948731 5.5158e-07 4.31279e-07 0 0 -1.82994 8.2906 0.311159 -0.656437 2.07536 0.0519757
3.61862 2.1042 0.00110107 5.65283e-07 5.25511e-07 0 0 -1.86386 6.99641 0.313845 -0.553966 2.07515 0.0438623
3.62862 2.10426 0.00128635 5.60052e-07 6.4153e-07 0 0 -1.63587 5.96629 0.295793 -0.472403 2.07658 0.0374042
3.63862 2.10427 0.00150197 5.21563e-07 7.77445e-07 0 0 -1.26673 5.18533 0.266565 -0.410568 2.07889 0.0325083
3.64862 2.10422 0.0017308 4.32386e-07 9.21335e-07 0 0 -0.829848 4.61996 0.231973 -0.365803 2.08163 0.0289639
3.65862 2.10407 0.00193334 2.80609e-07 1.0459e-06 0 0 -0.367332 4.23808 0.195351 -0.335568 2.08453 0.0265699
3.66862 2.10386 0.00205442 7.55037e-08 1.113e-06 0 0 0.0962837 4.01631 0.158643 -0.318009 2.08744 0.0251797
3.67862 2.10362 0.00205556 -1.44752e-07 1.09597e-06 0 0 0.544051 3.94148 0.123189 -0.312084 2.09025 0.0247107
3.68862 2.10344 0.0019476 -3.32106e-07 1.00199e-06 0 0 0.958771 4.00994 0.0903513 -0.317506 2.09285 0.02514
3.69862 2.10335 0.00178127 -4.59032e-07 8.65643e-07 0 0 1.31561 4.22505 0.062097 -0.334539 2.09508 0.0264888
3.70862 2.10335 0.0016089 -5.2642e-07 7.22528e-07 0 0 1.57397 4.5911 0.0416407 -0.363524 2.0967 0.0287838
3.71862 2.10342 0.00146175 -5.49936e-07 5.93658e-07 0 0 1.67013 5.09956 0.034027 -0.403784 2.09731 0.0319717
3.72862 2.10354 0.00135119 -5.46353e-07 4.86253e-07 0 0 1.51925 5.70317 0.0459741 -0.451579 2.09636 0.0357562
3.73862 2.10369 0.00127782 -5.28076e-07 3.9996e-07 0 0 1.0457 6.28403 0.0834708 -0.497572 2.09339 0.0393979
3.74862 2.10386 0.00123846 -5.02894e-07 3.31607e-07 0 0 0.255141 6.65325 0.146068 -0.526807 2.08843 0.0417128
3.75862 2.10403 0.00122967 -4.75273e-07 2.77574e-07 0 0 -0.699719 6.63696 0.221674 -0.525518 2.08245 0.0416107
3.76862 2.10422 0.0012492 -4.47613e-07 2.34668e-07 0 0 -1.56996 6.20929 0.290581 -0.491655 2.07699 0.0389295
3.77862 2.10441 0.00129645 -4.21121e-07 2.00332e-07 0 0 -2.16789 5.51383 0.337925 -0.436588 2.07324 0.0345693
3.78862 2.10461 0.00137267 -3.96339e-07 1.72599e-07 0 0 -2.45475 4.7432 0.360639 -0.375569 2.07144 0.0297378
3.79862 2.10482 0.0014811 -3.73448e-07 1.49979e-07 0 0 -2.49444 4.03069 0.363782 -0.319153 2.0712 0.0252707
3.80862 2.10503 0.0016271 -3.52443e-07 1.31352e-07 0 0 -2.37466 3.43254 0.354298 -0.271791 2.07195 0.0215206
3.81862 2.10523 0.00181813 -3.33229e-07 1.1587e-07 0 0 -2.16587 2.95653 0.337766 -0.2341 2.07326 0.0185362
3.82862 2.10542 0.00206314 -3.15669e-07 1.02886e-07 0 0 -1.91403 2.59031 0.317825 -0.205103 2.07484 0.0162403
3.83862 2.10558 0.00237023 -2.99612e-07 9.19091e-08 0 0 -1.64614 2.31711 0.296613 -0.183471 2.07651 0.0145274
3.84862 2.10568 0.00274039 -2.84913e-07 8.2556e-08 0 0 -1.37732 2.12226 0.275328 -0.168043 2.0782 0.0133059
3.85862 2.10566 0.00315516 -2.71432e-07 7.45295e-08 0 0 -1.11633 1.99525 0.254662 -0.157987 2.07984 0.0125097
3.86862 2.1055 0.00356021 -2.59044e-07 6.75954e-08 0 0 -0.869452 1.92993 0.235115 -0.152815 2.08138 0.0121002
3.87862 2.10519 0.00386315 -2.47635e-07 6.1568e-08 0 0 -0.643621 1.92381 0.217233 -0.152332 2.0828 0.012062
3.88862 2.1048 0.00397407 -2.37104e-07 5.62987e-08 0 0 -0.44935 1.97669 0.201851 -0.15652 2.08402 0.0123937
3.89862 2.10446 0.00387472 -2.27361e-07 5.16674e-08 0 0 -0.303745 2.08737 0.190322 -0.165284 2.08493 0.0130877
3.90862 2.10427 0.00363625 -2.18327e-07 4.75766e-08 0 0 -0.232229 2.24699 0.18466 -0.177925 2.08538 0.0140887
3.91862 2.10426 0.00336074 -2.09932e-07 4.39466e-08 0 0 -0.264401 2.42833 0.187208 -0.192285 2.08518 0.0152259
3.92862 2.1044 0.00312279 -2.02115e-07 4.07114e-08 0 0 -0.416782 2.57726 0.199275 -0.204079 2.08422 0.0161598
3.93862 2.10464 0.00295741 -1.9482e-07 3.78166e-08 0 0 -0.664913 2.62479 0.218925 -0.207842 2.08267 0.0164578
3.94862 2.10495 0.0028743 -1.88e-07 3.52164e-08 0 0 -0.935052 2.52931 0.240317 -0.200282 2.08097 0.0158592
3.95862 2.10531 0.002873 -1.81611e-07 3.28727e-08 0 0 -1.14397 2.31134 0.256861 -0.183021 2.07966 0.0144924
3.96862 2.1057 0.00295194 -1.75615e-07 3.0753e-08 0 0 -1.24981 2.03414 0.265243 -0.161071 2.079 0.0127543
3.97862 2.10612 0.00311248 -1.69978e-07 2.88299e-08 0 0 -1.25888 1.7572 0.265962 -0.139142 2.07894 0.0110178
3.98862 2.10655 0.0033608 -1.64671e-07 2.70801e-08 0 0 -1.19959 1.5133 0.261268 -0.119828 2.07931 0.00948841
3.99862 2.10699 0.00370859 -1.59665e-07 2.54835e-08 0 0 -1.10016 1.31252 0.253394 -0.10393 2.07994 0.00822946
4.00862 2.10742 0.00417315 -1.54936e-07 2.40229e-08 0 0 -0.980759 1.15324 0.24394 -0.0913163 2.08068 0.00723066
4.01862 2.10783 0.00477575 -1.50464e-07 2.26833e-08 0 0 -0.853815 1.02988 0.233889 -0.081548 2.08148 0.00645714
4.02862 2.10815 0.00553562 -1.46227e-07 2.14518e-08 0 0 -0.726419 0.936699 0.223802 -0.0741692 2.08228 0.00587282
4.03862 2.10832 0.00645478 -1.42208e-07 2.03171e-08 0 0 -0.602567 0.869096 0.213995 -0.0688156 2.08306 0.00544887
4.04862 2.10824 0.00748813 -1.38392e-07 1.92696e-08 0 0 -0.484827 0.823944 0.204672 -0.0652398 2.08379 0.00516568
4.05862 2.10782 0.00850683 -1.34763e-07 1.83003e-08 0 0 -0.375537 0.799417 0.196018 -0.063297 2.08448 0.00501179
4.06862 2.10707 0.00929944 -1.31308e-07 1.74019e-08 0 0 -0.27786 0.7945 0.188284 -0.0629069 2.08509 0.00498084
4.07862 2.10617 0.00967587 -1.28016e-07 1.65676e-08 0 0 -0.196699 0.807948 0.181857 -0.0639708 2.0856 0.00506501
4.08862 2.10542 0.00962505 -1.24875e-07 1.57915e-08 0 0 -0.139113 0.836247 0.177297 -0.0662105 2.08596 0.00524227
4.09862 2.10503 0.00933927 -1.21876e-07 1.50683e-08 0 0 -0.112814 0.870582 0.175214 -0.0689282 2.08613 0.00545739
4.10862 2.10505 0.00907274 -1.19008e-07 1.43934e-08 0 0 -0.120911 0.894973 0.175854 -0.0708588 2.08608 0.00561018
4.11862 2.10538 0.00901669 -1.16265e-07 1.37625e-08 0 0 -0.15448 0.890785 0.17851 -0.0705269 2.08587 0.00558388
4.12862 2.10591 0.00928138 -1.13637e-07 1.31719e-08 0 0 -0.19212 0.848827 0.181489 -0.0672048 2.08563 0.00532085
4.13862 2.10651 0.00993085 -1.11119e-07 1.26183e-08 0 0 -0.212263 0.776927 0.183083 -0.0615124 2.0855 0.00487018
4.14862 2.10704 0.0110124 -1.08702e-07 1.20986e-08 0 0 -0.205716 0.692613 0.182564 -0.0548373 2.08554 0.00434171
4.15862 2.10733 0.0125589 -1.06383e-07 1.16102e-08 0 0 -0.175511 0.61087 0.180172 -0.0483656 2.08573 0.00382935
4.16862 2.10716 0.0145547 -1.04154e-07 1.11506e-08 0 0 -0.129493 0.539328 0.176528 -0.0427017 2.08602 0.00338094
4.17862 2.10623 0.0168548 -1.0201e-07 1.07176e-08 0 0 -0.0749126 0.47994 0.172206 -0.038 2.08636 0.00300871
4.18862 2.10426 0.0190781 -9.9948e-08 1.03091e-08 0 0 -0.0167867 0.431916 0.167604 -0.034198 2.08673 0.00270771
4.19862 2.10125 0.0206009 -9.79621e-08 9.92346e-09 0 0 0.0418675 0.393621 0.162959 -0.0311662 2.0871 0.00246769
4.20862 2.0977 0.0208365 -9.60484e-08 9.55889e-09 0 0 0.0993669 0.363446 0.158407 -0.0287774 2.08746 0.00227858
4.21862 2.09444 0.019685 -9.42033e-08 9.21391e-09 0 0 0.154781 0.340118 0.154019 -0.0269307 2.08781 0.00213239
4.22862 2.09209 0.0176253 -9.2423e-08 8.88716e-09 0 0 0.207515 0.32274 0.149844 -0.0255552 2.08814 0.00202351
4.23862 2.0908 0.0153187 -9.07044e-08 8.57737e-09 0 0 0.257007 0.310728 0.145925 -0.0246044 2.08845 0.00194826
4.24862 2.09033 0.0132348 -8.90442e-08 8.2834e-09 0 0 0.302479 0.303643 0.142324 -0.024044 2.08873 0.00190393
4.25863 2.09036 0.0115793 -8.74397e-08 8.00418e-09 0 0 0.342754 0.30088 0.139136 -0.0238258 2.08898 0.00188669
4.26863 2.09061 0.0103802 -8.5888e-08 7.73875e-09 0 0 0.376301 0.301111 0.13648 -0.0238447 2.08919 0.00188823
4.27863 2.09086 0.00956733 -8.43866e-08 7.48622e-09 0 0 0.401892 0.301681 0.134454 -0.0238903 2.08935 0.00189188
4.28863 2.09096 0.00900369 -8.29333e-08 7.24577e-09 0 0 0.420028 0.298723 0.133019 -0.0236564 2.08947 0.00187339
4.29863 2.09085 0.00850502 -8.15256e-08 7.01664e-09 0 0 0.434034 0.288989 0.13191 -0.0228857 2.08956 0.00181237
4.30863 2.0906 0.00790085 -8.01616e-08 6.79814e-09 0 0 0.448765 0.272279 0.130745 -0.0215624 2.08965 0.00170757
4.31863 2.09038 0.00712753 -7.88392e-08 6.58961e-09 0 0 0.46758 0.251469 0.129256 -0.0199142 2.08977 0.00157703
4.32863 2.0903 0.00624999 -7.75566e-08 6.39046e-09 0 0 0.490993 0.230072 0.127402 -0.0182196 2.08991 0.00144282
4.33863 2.09041 0.00538093 -7.6312e-08 6.20014e-09 0 0 0.51774 0.210365 0.125284 -0.0166587 2.09008 0.00131919
4.34863 2.09067 0.00460036 -7.51038e-08 6.01814e-09 0 0 0.546235 0.193203 0.123028 -0.0152994 2.09026 0.00121153
4.35863 2.09101 0.003938 -7.39305e-08 5.84398e-09 0 0 0.575254 0.178594 0.12073 -0.0141424 2.09044 0.0011199
4.36863 2.09139 0.00339112 -7.27905e-08 5.67721e-09 0 0 0.604028 0.166211 0.118452 -0.0131616 2.09062 0.00104222
4.37863 2.09177 0.0029437 -7.16826e-08 5.51743e-09 0 0 0.632132 0.155656 0.116227 -0.0123257 2.0908 0.000976018
4.38863 2.09214 0.00257728 -7.06052e-08 5.36424e-09 0 0 0.659362 0.14657 0.114071 -0.0116061 2.09097 0.000919031
4.39863 2.0925 0.00227534 -6.95573e-08 5.2173e-09 0 0 0.685634 0.13866 0.11199 -0.0109797 2.09113 0.00086942
4.40863 2.09283 0.00202442 -6.85377e-08 5.07627e-09 0 0 0.710936 0.131695 0.109987 -0.0104282 2.09129 0.000825742
4.41863 2.09314 0.00181394 -6.75452e-08 4.94083e-09 0 0 0.73529 0.125499 0.108058 -0.00993744 2.09144 0.000786882
4.42863 2.09343 0.00163574 -6.65787e-08 4.8107e-09 0 0 0.758737 0.119933 0.106202 -0.00949669 2.09159 0.000751978
4.43863 2.0937 0.00148353 -6.56374e-08 4.6856e-09 0 0 0.781321 0.114893 0.104414 -0.00909752 2.09173 0.000720368
4.44863 2.09394 0.00135244 -6.47202e-08 4.56528e-09 0 0 0.803092 0.110294 0.10269 -0.00873334 2.09187 0.000691529
4.45863 2.09417 0.00123868 -6.38262e-08 4.44949e-09 0 0 0.824097 0.106071 0.101026 -0.00839898 2.092 0.000665051
4.46863 2.09439 0.00113925 -6.29545e-08 4.33802e-09 0 0 0.844382 0.102173 0.0994202 -0.00809026 2.09213 0.000640605
4.47863 2.09459 0.00105181 -6.21044e-08 4.23065e-09 0 0 0.863987 0.0985559 0.0978679 -0.00780386 2.09225 0.000617925
4.48863 2.09477 0.000974438 -6.1275e-08 4.12717e-09 0 0 0.882953 0.0951861 0.0963661 -0.00753701 2.09237 0.000596795
4.49863 2.09495 0.000905624 -6.04657e-08 4.02742e-09 0 0 0.901314 0.0920348 0.0949122 -0.00728747 2.09248 0.000577035