20	20
-0.495045 -1.24536e-08 0.0659438 1.65889e-09 -0.0219651 -5.52583e-10 0.00756443 1.90288e-10 -0.0025036 -6.29798e-11 0.495127 -7.45901e-08 -0.065952 9.93567e-09 0.0219681 -3.30951e-09 -0.00756496 1.13972e-09 0.00250417 -3.77205e-10 0.495116 -8.62477e-08 -0.0659514 1.14886e-08 0.0219683 -3.82673e-09 -0.00756606 1.31786e-09 0.00250339 -4.36139e-10 -0.495034 2.19317e-13 0.0659452 -2.66173e-14 -0.0219656 6.3174e-14 0.00756391 1.453e-14 -0.00250364 0 
-0.496558 6.03598e-09 0.0556254 -6.76138e-10 -0.0182871 2.22312e-10 0.00626827 -7.61804e-11 -0.00206899 2.51522e-11 -0.496476 8.81766e-08 0.0556137 -9.87744e-09 -0.0182833 3.2473e-09 0.00626646 -1.11292e-09 -0.00206895 3.67418e-10 -0.496475 9.16251e-08 0.0556148 -1.02638e-08 -0.0182842 3.37427e-09 0.00626607 -1.15645e-09 -0.00206857 3.8176e-10 -0.496556 -4.07056e-13 0.0556264 4.3875e-14 -0.0182863 -7.89468e-14 0.0062676 -1.72713e-14 -0.00206887 -0 
-0.499858 -7.39527e-09 0.0110999 1.64199e-10 -0.00345791 -5.11761e-11 0.0011627 1.72019e-11 -0.000379762 -5.625e-12 0.499858 9.11391e-09 -0.0111004 -2.02363e-10 0.00345907 6.30708e-11 -0.00116322 -2.11996e-11 0.000380012 6.93e-12 -0.499868 7.83477e-09 0.0111001 -1.74077e-10 -0.00345826 5.42415e-11 0.00116346 -1.82284e-11 -0.000380483 5.949e-12 0.499869 -8.69681e-13 -0.0111009 8.21665e-14 0.00345811 -1.54225e-14 -0.00116289 -1.37374e-14 0.000380208 0 
0.422271 -7.61052e-10 0.260436 -4.69324e-10 -0.0591423 1.06589e-10 0.0182165 -3.28271e-11 -0.00571408 1.02956e-11 0.422271 -3.68343e-09 0.260431 -2.27172e-09 -0.0591424 5.15895e-10 0.0182163 -1.58899e-10 -0.00571339 4.98403e-11 -0.422272 2.24365e-09 -0.260433 1.3838e-09 0.0591433 -3.14246e-10 -0.0182168 9.67884e-11 0.00571324 -3.03572e-11 -0.422271 1.07907e-14 -0.260429 -4.73725e-15 0.0591407 3.81392e-15 -0.0182157 -1.63273e-15 0.00571372 0 
0.0673006 1.69267e-09 0.494557 1.24411e-08 -0.0291238 -7.32589e-10 0.00768179 1.9319e-10 -0.00226558 -5.6992e-11 -0.0672908 1.0139e-08 -0.494458 7.45078e-08 0.0291209 -4.38784e-09 -0.00768041 1.15738e-09 0.0022644 -3.41296e-10 -0.0672882 1.17235e-08 -0.494498 8.61544e-08 0.0291217 -5.07333e-09 -0.00768178 1.33829e-09 0.00226557 -3.94632e-10 0.067303 1.17521e-15 0.494604 1.49983e-13 -0.029123 -5.92446e-14 0.00768283 -7.79938e-14 -0.00226564 0 
-0.0565889 6.88328e-10 -0.496064 6.03621e-09 0.025271 -3.07511e-10 -0.00662123 8.05066e-11 0.00194808 -2.36979e-11 -0.0566004 1.0055e-08 -0.496123 8.81362e-08 0.0252795 -4.49059e-09 -0.00662164 1.1765e-09 0.00194837 -3.46104e-10 -0.0566021 1.04483e-08 -0.49617 9.15868e-08 0.025274 -4.66597e-09 -0.00662343 1.22259e-09 0.00194754 -3.59612e-10 -0.0565899 -3.61563e-14 -0.496024 1.8674e-13 0.0252704 -8.9557e-14 -0.00662044 -9.60333e-14 0.00194785 0 
-0.0111429 -1.6505e-10 -0.499841 -7.39662e-09 0.00574057 8.50334e-11 -0.00145567 -2.15357e-11 0.000423288 6.27972e-12 0.0111488 2.02665e-10 0.499883 9.10915e-09 -0.00574269 -1.04608e-10 0.00145667 2.65359e-11 -0.000423859 -7.6494e-12 -0.0111387 1.73928e-10 -0.499796 7.82769e-09 0.00574104 -8.97077e-11 -0.00145532 2.27873e-11 0.000423006 -6.55202e-12 0.0111426 2.84033e-14 0.499842 4.66096e-14 -0.00573807 -6.28858e-14 0.00145587 1.62359e-14 -0.000423285 0 
-0.142762 2.57288e-10 0.316062 -5.69618e-10 0.356939 -6.433e-10 -0.04674 8.42367e-11 0.0116899 -2.10693e-11 -0.142762 1.24524e-09 0.316063 -2.75703e-09 0.356938 -3.11356e-09 -0.0467406 4.07724e-10 0.0116908 -1.01987e-10 0.142762 -7.58597e-10 -0.316062 1.67931e-09 -0.356939 1.8965e-09 0.0467395 -2.48335e-10 -0.0116905 6.21046e-11 0.142761 -9.28257e-15 -0.316055 -8.25257e-15 -0.356929 -8.9558e-15 0.0467412 -8.75184e-15 -0.0116899 0 
0.0179988 4.53301e-10 -0.0319366 -8.04198e-10 -0.498109 -1.25492e-08 0.00914816 2.30328e-10 -0.00202632 -5.10889e-11 -0.0180293 2.71587e-09 0.0319881 -4.81874e-09 0.498994 -7.51708e-08 -0.00916099 1.38007e-09 0.00202886 -3.05591e-10 -0.0180261 3.14e-09 0.0319857 -5.57182e-09 0.499015 -8.69209e-08 -0.00916027 1.59578e-09 0.00202877 -3.53411e-10 0.0180009 3.0513e-14 -0.0319405 3.06582e-13 -0.498137 4.72426e-12 0.00914736 -3.83342e-14 -0.0020267 0 
-0.01544 1.87201e-10 0.0273183 -3.31062e-10 0.499462 -6.05976e-09 -0.00790906 9.58809e-11 0.0017478 -2.12309e-11 -0.0154073 2.73669e-09 0.0272604 -4.84209e-09 0.498436 -8.85321e-08 -0.00789172 1.40178e-09 0.00174333 -3.09637e-10 -0.0154099 2.8434e-09 0.0272685 -5.03144e-09 0.498583 -9.1999e-08 -0.00789355 1.4567e-09 0.00174371 -3.21773e-10 -0.0154417 2.14694e-14 0.0273176 3.51537e-13 0.499321 6.15656e-12 -0.00790887 -5.07187e-14 0.00174792 0 
0.003334 4.92998e-11 -0.00581865 -8.60366e-11 -0.499893 -7.39249e-09 0.00177302 2.62295e-11 -0.000387646 -5.71832e-12 -0.00333451 -6.07282e-11 0.00582675 1.05622e-10 0.500034 9.10581e-09 -0.00177335 -3.2157e-11 0.000387007 7.04272e-12 0.0033309 -5.21841e-11 -0.00581411 9.08829e-11 -0.499866 7.83319e-09 0.00177342 -2.7619e-11 -0.000387416 6.06513e-12 -0.0033369 -3.82776e-15 0.00582731 -8.42894e-14 0.500013 -3.1006e-12 -0.00177528 5.47567e-15 0.000387414 0 
0.130385 -2.34978e-10 -0.178751 3.22142e-10 0.259225 -4.67169e-10 0.364358 -6.56666e-10 -0.03303 5.95324e-11 0.130384 -1.13734e-09 -0.17875 1.55918e-09 0.259224 -2.26119e-09 0.364359 -3.1783e-09 -0.0330323 2.88103e-10 -0.130385 6.92764e-10 0.178752 -9.49829e-10 -0.259225 1.37735e-09 -0.36437 1.93595e-09 0.0330336 -1.7555e-10 -0.130384 -1.58096e-15 0.178751 3.54834e-17 -0.259225 -1.46269e-14 -0.364359 2.36193e-14 0.0330316 0 
-0.0061333 -1.54896e-10 0.00801762 2.02384e-10 -0.00991137 -2.50554e-10 -0.499212 -1.25909e-08 0.00212365 5.34669e-11 0.00614335 -9.23343e-10 -0.00803027 1.20693e-09 0.00992952 -1.49215e-09 0.500153 -7.51498e-08 -0.00212911 3.20047e-10 0.0061432 -1.06761e-09 -0.0080312 1.39552e-09 0.00992954 -1.72552e-09 0.500372 -8.69478e-08 -0.00212769 3.6973e-10 -0.00613431 3.10749e-14 0.00801803 1.6804e-14 -0.00991625 2.17202e-13 -0.499442 1.27195e-11 0.00212388 0 
-0.00524588 6.40286e-11 0.00685543 -8.35881e-11 -0.00847111 1.03606e-10 -0.500335 6.0951e-09 0.00181803 -2.20199e-11 -0.00523455 9.27293e-10 0.00684076 -1.21184e-09 -0.00845024 1.49688e-09 -0.499367 8.84716e-08 0.00181906 -3.22126e-10 -0.00523109 9.6325e-10 0.00683581 -1.25882e-09 -0.00844573 1.55513e-09 -0.4994 9.19823e-08 0.00181627 -3.34306e-10 -0.00524207 -2.16226e-14 0.00685069 -5.18245e-14 -0.00846409 -2.49866e-13 -0.500301 -2.09639e-11 0.00181852 0 
0.00112035 1.63957e-11 -0.00146284 -2.13942e-11 0.00180247 2.63993e-11 0.500091 7.35395e-09 -0.000391562 -5.74574e-12 -0.00111974 -2.05492e-11 0.00146147 2.69575e-11 -0.00180006 -3.29129e-11 -0.50012 -9.09888e-09 0.000392464 6.78484e-12 0.00111677 -1.77762e-11 -0.00145995 2.33722e-11 0.0017948 -2.84403e-11 0.499861 -7.88686e-09 -0.000388648 5.7864e-12 -0.00111816 3.92869e-15 0.0014596 -1.51943e-14 -0.00179732 5.18796e-14 -0.499901 2.48805e-11 0.000391204 0 
0.172655 -3.11163e-10 -0.210579 3.79511e-10 0.216595 -3.90355e-10 -0.331665 5.97737e-10 -0.137599 2.47999e-10 0.172654 -1.50608e-09 -0.210579 1.83688e-09 0.216596 -1.88936e-09 -0.331665 2.8931e-09 -0.137599 1.20028e-09 -0.172654 9.17347e-10 0.210579 -1.11886e-09 -0.216596 1.15083e-09 0.331661 -1.76223e-09 0.137598 -7.31072e-10 -0.172655 2.61407e-17 0.210579 -8.84797e-16 -0.216597 5.06875e-15 0.331657 6.49388e-15 0.137599 0 
-0.00210341 -5.18797e-11 0.00244086 6.01391e-11 -0.00225278 -5.55641e-11 0.00226492 5.59409e-11 0.508545 1.24413e-08 0.00204634 -3.06487e-10 -0.00237357 3.55447e-10 0.00219049 -3.28062e-10 -0.00220629 3.30177e-10 -0.492004 7.36051e-08 0.00204538 -3.55124e-10 -0.00237186 4.11776e-10 0.00218913 -3.80121e-10 -0.00220389 3.82818e-10 -0.491286 8.52821e-08 -0.00210405 -2.6237e-15 0.00244077 -3.39952e-14 -0.00225324 5.46529e-14 0.00226401 -2.68584e-15 0.507812 0 
-0.00172625 2.23364e-11 0.00200246 -2.58721e-11 -0.00184924 2.39333e-11 0.00185713 -2.41473e-11 0.491311 -6.25019e-09 -0.00179523 3.16773e-10 0.00208254 -3.6741e-10 -0.0019216 3.39063e-10 0.00193437 -3.41305e-10 0.508525 -8.97483e-08 -0.00179499 3.29789e-10 0.00208155 -3.82421e-10 -0.00192136 3.52959e-10 0.00193392 -3.55569e-10 0.507843 -9.33764e-08 -0.00172697 -1.25554e-15 0.00200311 3.20538e-14 -0.00184855 -4.75735e-14 0.00186093 -2.99973e-14 0.491989 0 
-0.000366572 -5.35868e-12 0.000425158 6.20829e-12 -0.000392598 -5.73612e-12 0.000392063 5.74808e-12 0.499968 7.38684e-09 0.000365121 6.96566e-12 -0.000422922 -8.10574e-12 0.00039087 7.43997e-12 -0.00039426 -7.57315e-12 -0.499294 -9.19228e-09 -0.000370176 6.06665e-12 0.000429227 -7.0695e-12 -0.00039675 6.45448e-12 0.000397717 -6.57899e-12 0.500698 -7.92029e-09 0.000366816 -4.22038e-15 -0.000426911 -4.73187e-15 0.000393336 9.75405e-15 -0.000393747 -2.78097e-14 -0.500036 0 
-0.0670565 1.20847e-10 0.0773635 -1.39431e-10 -0.070623 1.27278e-10 0.0687356 -1.23878e-10 -0.479373 8.63961e-10 -0.0670558 5.84897e-10 0.0773636 -6.74847e-10 -0.0706231 6.16041e-10 0.0687354 -5.99572e-10 -0.479387 4.18161e-09 0.0670565 -3.56331e-10 -0.0773639 4.11042e-10 0.0706232 -3.75244e-10 -0.0687359 3.65216e-10 0.479382 -2.54715e-09 0.0670563 -3.36933e-16 -0.0773642 -1.52109e-15 0.0706233 3.97625e-16 -0.0687336 3.87326e-15 0.479383 0 
