#Energy(eV)	Abs_s	Abs_p	Ref_s	Ref_p
3.36862	0.00699537	3.99348e-05	0.00193132	8.88421e-05	
3.37862	0.00764571	4.02213e-05	0.00206636	8.9375e-05	
3.38862	0.00839123	4.0513e-05	0.00221811	8.99112e-05	
3.39862	0.0092512	4.08097e-05	0.0023895	9.04491e-05	
3.40862	0.0102497	4.1112e-05	0.00258413	9.09885e-05	
3.41862	0.0114174	4.14203e-05	0.0028064	9.15297e-05	
3.42862	0.0127932	4.17361e-05	0.00306175	9.20741e-05	
3.43862	0.0144276	4.20588e-05	0.00335689	9.26185e-05	
3.44862	0.0163856	4.23908e-05	0.00370013	9.31662e-05	
3.45862	0.0187519	4.27326e-05	0.00410171	9.37156e-05	
3.46862	0.021637	4.30855e-05	0.00457402	9.42667e-05	
3.47862	0.0251843	4.3452e-05	0.00513177	9.48211e-05	
3.48862	0.0295765	4.38327e-05	0.00579139	9.53755e-05	
3.49862	0.0350387	4.42317e-05	0.00656915	9.59333e-05	
3.50862	0.0418252	4.46523e-05	0.00747618	9.64945e-05	
3.51862	0.050168	4.50978e-05	0.00850786	9.70574e-05	
3.52862	0.0601419	4.55735e-05	0.00962399	9.76221e-05	
3.53862	0.0713899	4.60863e-05	0.0107194	9.81884e-05	
3.54862	0.0827239	4.66456e-05	0.0115978	9.87582e-05	
3.55862	0.0918929	4.7263e-05	0.0119906	9.93315e-05	
3.56862	0.0961907	4.79523e-05	0.011668	9.99047e-05	
3.57862	0.0940961	4.8736e-05	0.0106045	0.000100483	
3.58862	0.0865165	4.96382e-05	0.00903425	0.000101062	
3.59862	0.07605	5.06946e-05	0.00730839	0.000101644	
3.60862	0.0652349	5.19457e-05	0.00570839	0.000102228	
3.61862	0.0555938	5.34344e-05	0.00437283	0.00010281	
3.62862	0.0477035	5.51924e-05	0.00332927	0.000103389	
3.63862	0.0416044	5.71985e-05	0.00255019	0.000103961	
3.64862	0.0371292	5.93161e-05	0.00199234	0.000104523	
3.65862	0.0340778	6.12241e-05	0.00161561	0.000105068	
3.66862	0.0322925	6.2478e-05	0.00138989	0.000105603	
3.67862	0.0316816	6.27627e-05	0.00129622	0.000106133	
3.68862	0.0322212	6.21661e-05	0.001326	0.000106676	
3.69862	0.0339382	6.1097e-05	0.00147883	0.000107237	
3.70862	0.0368657	5.99795e-05	0.00175832	0.000107818	
3.71862	0.0409401	5.90677e-05	0.00216284	0.000108414	
3.72862	0.04581	5.84552e-05	0.00266813	0.000109022	
3.73862	0.050599	5.81476e-05	0.00320404	0.000109637	
3.74862	0.0538829	5.81203e-05	0.00364626	0.000110258	
3.75862	0.0542754	5.83453e-05	0.00385856	0.000110881	
3.76862	0.0514142	5.88078e-05	0.00377775	0.00011151	
3.77862	0.0462464	5.95029e-05	0.00345493	0.000112141	
3.78862	0.040234	6.04436e-05	0.00300475	0.000112776	
3.79862	0.0344926	6.16592e-05	0.00253083	0.000113414	
3.80862	0.02956	6.31958e-05	0.00209406	0.000114055	
3.81862	0.0255675	6.51178e-05	0.00171857	0.000114696	
3.82862	0.0224568	6.75036e-05	0.00140771	0.000115336	
3.83862	0.0201131	7.04236e-05	0.00115613	0.000115972	
3.84862	0.0184276	7.38874e-05	0.000956314	0.000116597	
3.85862	0.0173197	7.77365e-05	0.000801629	0.000117199	
3.86862	0.0167422	8.15088e-05	0.000687559	0.000117772	
3.87862	0.0166775	8.44126e-05	0.000612143	0.000118315	
3.88862	0.0171271	8.56771e-05	0.000576029	0.000118841	
3.89862	0.0180846	8.51449e-05	0.000581795	0.00011938	
3.90862	0.0194799	8.34243e-05	0.000631629	0.000119952	
3.91862	0.0210883	8.1391e-05	0.000721949	0.000120564	
3.92862	0.0224548	7.96857e-05	0.000835478	0.000121211	
3.93862	0.0229859	7.86102e-05	0.000938319	0.000121882	
3.94862	0.0222983	7.8251e-05	0.000993339	0.00012257	
3.95862	0.0205275	7.86077e-05	0.000983849	0.000123272	
3.96862	0.0181936	7.96702e-05	0.000920986	0.000123983	
3.97862	0.0158127	8.14556e-05	0.000828872	0.000124702	
3.98862	0.0136851	8.40218e-05	0.000728497	0.000125427	
3.99862	0.0119149	8.74777e-05	0.00063231	0.000126156	
4.00862	0.0104991	9.19805e-05	0.000545813	0.000126885	
4.01862	0.0093958	9.77255e-05	0.000470538	0.000127612	
4.02862	0.00855832	0.000104885	0.000406224	0.00012832	
4.03862	0.00794848	0.000113482	0.000352009	0.000128996	
4.04862	0.00754022	0.000123114	0.000307065	0.000129616	
4.05862	0.00731863	0.000132625	0.000270881	0.000130157	
4.06862	0.00727599	0.000140121	0.000243416	0.000130621	
4.07862	0.00740253	0.000143896	0.000225081	0.00013105	
4.08862	0.00766812	0.000143853	0.000216426	0.000131514	
4.09862	0.00799447	0.000141723	0.0002172	0.000132065	
4.10862	0.00823709	0.000139798	0.000224812	0.000132715	
4.11862	0.00822434	0.000139804	0.000233525	0.000133441	
4.12862	0.0078669	0.000142749	0.000236626	0.000134218	
4.13862	0.00722995	0.000149222	0.000230586	0.000135015	
4.14862	0.00647075	0.000159669	0.000216515	0.000135797	
4.15862	0.00572735	0.000174399	0.000197845	0.000136523	
4.16862	0.00507222	0.000193276	0.000177744	0.000137138	
4.17862	0.00452564	0.00021496	0.000158189	0.000137567	
4.18862	0.004082	0.000235924	0.00014013	0.000137736	
4.19862	0.00372732	0.000250391	0.000123897	0.000137644	
4.20862	0.00344742	0.000252928	0.000109518	0.00013741	
4.21862	0.00323096	0.000242612	9.68971e-05	0.000137243	
4.22862	0.00307	0.00022388	8.59202e-05	0.0001373	
4.23862	0.00295941	0.000202866	7.6501e-05	0.000137623	
4.24862	0.00289541	0.000183925	6.86043e-05	0.000138152	
4.25863	0.00287262	0.000168967	6.22418e-05	0.000138812	
4.26863	0.00287878	0.000158254	5.74129e-05	0.000139528	
4.27863	0.00288889	0.000151131	5.39664e-05	0.000140247	
4.28863	0.00286608	0.000146311	5.14309e-05	0.00014093	
4.29863	0.00277884	0.000142059	4.90471e-05	0.000141559	
4.30863	0.0026244	0.000136768	4.61541e-05	0.000142154	
4.31863	0.00242964	0.000129844	4.25682e-05	0.000142757	
4.32863	0.00222802	0.000121909	3.85258e-05	0.000143399	
4.33863	0.00204158	0.000114038	3.43748e-05	0.000144093	
4.34863	0.00187881	0.000106995	3.03751e-05	0.000144828	
4.35863	0.00174006	0.000101063	2.66647e-05	0.000145587	
4.36863	0.00162237	9.62194e-05	2.32954e-05	0.000146358	
4.37863	0.00152204	9.23125e-05	2.02711e-05	0.000147132	
4.38863	0.00143569	8.91691e-05	1.75732e-05	0.000147906	
4.39863	0.00136056	8.66346e-05	1.5175e-05	0.000148679	
4.40863	0.00129444	8.45799e-05	1.30481e-05	0.000149446	
4.41863	0.00123567	8.29066e-05	1.11658e-05	0.00015021	
4.42863	0.00118293	8.15376e-05	9.50334e-06	0.000150971	
4.43863	0.00113521	8.04137e-05	8.03936e-06	0.000151729	
4.44863	0.0010917	7.94874e-05	6.75456e-06	0.00015248	
4.45863	0.00105179	7.87253e-05	5.63218e-06	0.000153231	
4.46863	0.00101499	7.8099e-05	4.65746e-06	0.000153981	
4.47863	0.000980873	7.75852e-05	3.81744e-06	0.000154727	
4.48863	0.000949115	7.71655e-05	3.10056e-06	0.00015547	
4.49863	0.000919444	7.68281e-05	2.49667e-06	0.000156215	
